%x = [-2550 2468 7429 12215 16715 20823 24442 27488 29889];
%x = [-7509 -2550 2468 7429 12215 16715 20823 24442 27488];
%x = [-12292 -7509 -2550 2468 7429 12215 16715 20823 24442];
%x = [-16786 -12292 -7509 -2550 2468 7429 12215 16715 20823];
%x = [-20886 -16786 -12292 -7509 -2550 2468 7429 12215 16715];
%x = [-24497 -20886 -16786 -12292 -7509 -2550 2468 7429 12215];
%x = [-27533 -24497 -20886 -16786 -12292 -7509 -2550 2468 7429];
%x = [-29923 -27533 -24497 -20886 -16786 -12292 -7509 -2550 2468];
%x = [-31611 -29923 -27533 -24497 -20886 -16786 -12292 -7509 -2550];
%x = [-32558 -31611 -29923 -27533 -24497 -20886 -16786 -12292 -7509];
%x = [-32741 -32558 -31611 -29923 -27533 -24497 -20886 -16786 -12292];
%x = [-32155 -32741 -32558 -31611 -29923 -27533 -24497 -20886 -16786];
x = [-26017 -28754 -30816 -32155 -32741 -32558 -31611 -29923 -27533];
im = hf * x'